0 0.582006 0.469482 0.032475 0.037109
0 0.546875 0.443115 0.032475 0.034180
0 0.643382 0.453369 0.029820 0.033203
1 0.500664 0.309509 0.012153 0.013306
1 0.392565 0.206055 0.014706 0.016602
1 0.277574 0.322510 0.012663 0.012207
1 0.265319 0.334961 0.014297 0.014648
1 0.827614 0.693970 0.013480 0.017334
1 0.930351 0.763916 0.012255 0.016113
1 0.915237 0.781128 0.013889 0.014893
1 0.895731 0.525635 0.016136 0.020508
1 0.843137 0.573242 0.011846 0.014160
1 0.914624 0.471924 0.011438 0.015137
1 0.417688 0.692627 0.014297 0.019043
1 0.407680 0.736084 0.014706 0.020996
1 0.942198 0.284912 0.015114 0.022949
1 0.897467 0.184570 0.021242 0.029297
1 0.903186 0.108154 0.011438 0.018066
1 0.988562 0.161865 0.013889 0.017090
1 0.180658 0.870239 0.013276 0.015869
0 0.527369 0.754395 0.030229 0.043945
0 0.498366 0.836914 0.034314  0.044922
