1 0.312109 0.205556 0.014844 0.025000
1 0.275000 0.175694 0.009375 0.012500
1 0.247656 0.051389 0.012500 0.016667
1 0.170312 0.021528 0.017188 0.020833
1 0.087500 0.090972 0.012500 0.020833
1 0.058203 0.050000 0.013281 0.022222
1 0.423828 0.220139 0.013281 0.018056
1 0.246094 0.395139 0.017188 0.026389
1 0.172266 0.383333 0.011719 0.019444
1 0.132422 0.452778 0.010156 0.019444
1 0.118750 0.579167 0.010937 0.016667
1 0.039844 0.590972 0.014062 0.020833
1 0.101172 0.784028 0.013281 0.015278
1 0.199219 0.822917 0.018750 0.031944
1 0.247266 0.869444 0.016406 0.019444
1 0.282031 0.834028 0.012500 0.015278
1 0.346484 0.338889 0.014844 0.025000
1 0.036328 0.847917 0.013281 0.012500
1 0.096094 0.914583 0.015625 0.023611
1 0.206250 0.908333 0.017188 0.019444
1 0.214844 0.992361 0.010937 0.015278
1 0.386719 0.390972 0.020312 0.029167
1 0.413281 0.395833 0.010937 0.019444
1 0.504687 0.390972 0.015625 0.018056
1 0.536328 0.343056 0.011719 0.016667
1 0.568750 0.481250 0.012500 0.018056
1 0.384375 0.495833 0.012500 0.025000
1 0.442187 0.642361 0.015625 0.020833
1 0.317969 0.632639 0.012500 0.020833
1 0.335938 0.644444 0.014062 0.022222
1 0.431641 0.873611 0.016406 0.022222
1 0.613672 0.838889 0.013281 0.022222
1 0.675391 0.838889 0.011719 0.019444
1 0.698438 0.954167 0.015625 0.022222
1 0.614062 0.934722 0.010937 0.016667
1 0.625000 0.950000 0.021875 0.027778
1 0.630078 0.977778 0.013281 0.016667
1 0.801172 0.818056 0.011719 0.019444
1 0.903125 0.537500 0.015625 0.019444
1 0.782812 0.489583 0.017188 0.020833
1 0.700781 0.383333 0.012500 0.022222
1 0.665234 0.440278 0.014844 0.019444
1 0.754297 0.250000 0.013281 0.016667
1 0.855078 0.288889 0.011719 0.019444
1 0.935547 0.377778 0.016406 0.022222
1 0.985156 0.442361 0.010937 0.015278
1 0.975781 0.136806 0.010937 0.018056
1 0.853906 0.601389 0.014062 0.019444
1 0.994922 0.873611 0.008594 0.025000
0 0.016406 0.039583 0.032812 0.040278
0 0.024609 0.094444 0.030469 0.036111
0 0.016797 0.143056 0.033594 0.044444
0 0.048047 0.127778 0.033594 0.041667
0 0.062109 0.085417 0.036719 0.048611
0 0.080859 0.042361 0.036719 0.045833
0 0.106250 0.106944 0.031250 0.044444
0 0.153516 0.118056 0.030469 0.041667
0 0.137500 0.150000 0.031250 0.044444
0 0.183594 0.148611 0.028125 0.041667
0 0.216406 0.146528 0.034375 0.040278
0 0.159766 0.066667 0.032031 0.044444
